! Device:      ADRF5025					
! Description: Silicon SPDT Switch, Reflective			
! Frequency:   9kHz -  44.00 GHz						
! Ports:       										
!        RFC = Port 1
!        RF1 = Port 2
!        RF2 = Port 3
!						
! VDD   =  +3.30 Volts
! VSS   =  -3.30 Volts
! CTRL  =  +0.00 Volts
!				
	
! Data:  Data was collected using an calibrated 4 port network analyzer 						
!	      using G-S-G Probes on Probe Matrix Board. 
!             The reference plane is the package pins of ADRF5025 switch.
! Notes: Analog Devices supplies this data as a sample of measured data						
!             for this product.  Your particular data for this product may vary.						
!             Data was taken at 25 degrees C.						
!             Analog Devices reserves the right to change this data at anytime.	
!
# GHz S  dB   R 50
0.26 -28.353 -6.235 -72.691 58.144 -0.505 -2.629  
-73.873 54.470 -0.959 177.881 -80.206 22.835   
-0.519 -2.587 -78.170 32.997 -24.527 -4.331   
0.51 -28.389 -12.617 -68.770 69.311 -0.535 -4.893  
-68.395 72.310 -1.036 176.186 -77.899 49.676   
-0.549 -4.901 -75.925 52.118 -24.049 -10.986   
0.76 -28.543 -18.726 -65.110 73.710 -0.545 -7.212  
-65.013 75.828 -1.044 174.494 -76.597 50.032   
-0.559 -7.196 -75.132 68.402 -24.151 -16.084   
1.01 -28.647 -24.269 -62.754 75.382 -0.559 -9.435  
-62.861 75.600 -1.036 172.561 -72.014 65.499   
-0.565 -9.404 -72.487 65.456 -24.167 -23.608   
1.26 -28.778 -29.218 -60.915 74.486 -0.562 -11.707  
-60.904 74.657 -1.052 170.762 -70.673 68.925   
-0.573 -11.666 -70.539 67.942 -24.194 -29.370   
1.51 -28.896 -34.562 -59.257 74.697 -0.566 -13.975  
-59.358 74.569 -1.058 169.029 -69.042 68.357   
-0.576 -13.923 -69.697 67.315 -24.191 -34.576   
1.76 -28.895 -39.530 -58.028 73.448 -0.560 -16.244  
-57.938 73.249 -1.055 167.234 -67.844 68.482   
-0.568 -16.267 -68.092 70.144 -24.120 -39.998   
2.01 -28.981 -44.531 -56.840 72.403 -0.587 -18.481  
-56.832 73.173 -1.061 165.397 -66.850 68.445   
-0.602 -18.418 -66.876 69.133 -24.001 -44.874   
2.26 -29.013 -49.632 -55.900 71.052 -0.596 -20.819  
-55.816 71.027 -1.062 163.594 -65.982 68.679   
-0.604 -20.817 -65.753 67.197 -23.961 -50.366   
2.51 -28.985 -54.564 -55.003 69.925 -0.590 -23.065  
-54.999 69.521 -1.063 161.825 -64.946 67.659   
-0.599 -23.098 -65.386 65.745 -23.706 -55.380   
2.76 -29.019 -59.406 -54.149 67.706 -0.604 -25.393  
-54.119 68.281 -1.066 159.997 -64.004 63.461   
-0.620 -25.322 -64.294 64.840 -23.769 -60.465   
3.01 -28.993 -64.640 -53.506 66.713 -0.627 -27.588  
-53.507 66.282 -1.074 158.193 -63.467 65.513   
-0.618 -27.485 -63.474 64.018 -23.635 -64.609   
3.26 -29.023 -69.721 -52.791 65.463 -0.629 -29.803  
-52.781 65.199 -1.070 156.408 -62.778 63.896   
-0.634 -29.698 -62.975 62.318 -23.487 -68.712   
3.51 -28.997 -74.745 -52.186 63.315 -0.621 -32.140  
-52.197 63.725 -1.078 154.575 -62.215 61.873   
-0.627 -32.057 -62.441 60.763 -23.344 -72.532   
3.76 -28.992 -79.607 -51.613 61.962 -0.637 -34.320  
-51.627 62.262 -1.078 152.718 -61.816 60.454   
-0.647 -34.259 -61.622 60.148 -23.144 -78.961   
4.01 -28.889 -84.945 -51.157 60.210 -0.616 -36.691  
-51.207 60.317 -1.083 150.888 -61.170 59.853   
-0.646 -36.705 -61.127 60.936 -23.083 -82.658   
4.26 -28.898 -89.397 -50.617 58.556 -0.644 -38.876  
-50.623 58.963 -1.090 149.056 -60.834 58.423   
-0.650 -38.838 -60.959 58.160 -23.263 -87.318   
4.51 -28.858 -94.189 -50.248 57.493 -0.646 -41.026  
-50.239 57.704 -1.095 147.241 -60.281 57.178   
-0.643 -41.078 -60.333 57.696 -22.911 -90.437   
4.76 -28.842 -98.889 -49.791 55.981 -0.657 -43.464  
-49.775 55.983 -1.101 145.384 -59.889 57.788   
-0.661 -43.296 -59.806 56.572 -23.220 -92.781   
5.01 -28.793 -102.925 -49.375 54.241 -0.672 -45.600  
-49.342 54.551 -1.105 143.556 -59.277 54.954   
-0.660 -45.440 -59.239 54.135 -23.104 -95.812   
5.26 -28.686 -107.367 -48.926 52.855 -0.672 -47.776  
-48.951 53.282 -1.117 141.679 -58.968 52.225   
-0.650 -47.732 -58.828 51.331 -22.645 -100.787   
5.51 -28.624 -111.731 -48.540 50.928 -0.674 -50.034  
-48.534 51.192 -1.121 139.812 -58.512 50.094   
-0.659 -49.999 -58.535 50.415 -22.928 -103.753   
5.76 -28.474 -115.292 -48.254 49.009 -0.692 -52.322  
-48.194 49.415 -1.129 137.984 -58.501 49.081   
-0.665 -52.126 -58.405 49.465 -22.881 -107.777   
6.01 -28.423 -119.694 -47.933 47.602 -0.676 -54.605  
-47.923 47.575 -1.136 136.108 -58.106 47.173   
-0.688 -54.470 -58.075 47.214 -22.619 -110.053   
6.26 -28.302 -123.033 -47.651 45.728 -0.705 -56.885  
-47.651 46.030 -1.142 134.249 -58.141 46.073   
-0.691 -56.591 -58.111 45.780 -22.560 -115.510   
6.51 -28.155 -127.341 -47.433 44.015 -0.691 -59.067  
-47.432 43.993 -1.152 132.362 -57.710 47.138   
-0.700 -58.984 -57.739 46.972 -22.759 -117.157   
6.76 -28.017 -131.409 -47.132 42.863 -0.689 -61.418  
-47.148 42.811 -1.165 130.507 -57.230 44.852   
-0.716 -61.237 -57.257 45.275 -22.505 -120.769   
7.01 -27.849 -134.525 -46.802 40.954 -0.720 -63.539  
-46.808 41.146 -1.175 128.610 -56.936 44.134   
-0.698 -63.437 -57.035 43.222 -22.774 -124.704   
7.26 -27.725 -138.084 -46.583 39.069 -0.708 -65.842  
-46.613 39.214 -1.187 126.748 -56.512 42.334   
-0.714 -65.707 -56.402 42.211 -22.597 -125.250   
7.51 -27.626 -141.001 -46.388 37.353 -0.734 -68.173  
-46.420 37.564 -1.198 124.862 -56.225 38.607   
-0.714 -67.847 -56.182 38.537 -22.327 -129.302   
7.76 -27.375 -144.416 -46.194 35.570 -0.737 -70.267  
-46.151 35.455 -1.209 123.000 -56.340 36.341   
-0.706 -70.164 -56.138 36.148 -22.636 -132.657   
8.01 -27.246 -147.996 -45.980 34.006 -0.729 -72.557  
-46.012 33.860 -1.221 121.121 -56.008 34.620   
-0.730 -72.442 -56.104 34.240 -22.526 -135.072   
8.26 -26.979 -150.736 -45.813 31.924 -0.755 -74.801  
-45.783 31.944 -1.234 119.248 -55.863 33.414   
-0.705 -74.694 -55.799 32.900 -22.491 -136.893   
8.51 -26.838 -153.667 -45.686 30.412 -0.749 -76.993  
-45.603 29.947 -1.245 117.368 -55.724 31.103   
-0.716 -76.906 -55.730 31.104 -22.734 -141.166   
8.76 -26.684 -156.753 -45.488 28.416 -0.754 -79.269  
-45.486 28.271 -1.255 115.505 -55.794 29.012   
-0.724 -79.208 -55.651 28.800 -22.528 -142.972   
9.01 -26.503 -159.832 -45.374 26.518 -0.752 -81.422  
-45.359 26.431 -1.268 113.621 -55.850 27.366   
-0.725 -81.548 -55.860 28.438 -22.470 -146.659   
9.26 -26.346 -162.592 -45.266 24.726 -0.745 -83.660  
-45.234 24.339 -1.281 111.740 -55.812 27.303   
-0.739 -83.814 -55.716 26.995 -22.618 -149.889   
9.51 -26.180 -165.137 -45.293 22.830 -0.760 -86.027  
-45.297 22.788 -1.292 109.844 -56.030 28.361   
-0.737 -85.903 -56.038 27.884 -22.485 -151.739   
9.76 -26.030 -167.521 -45.270 21.336 -0.756 -88.149  
-45.304 21.536 -1.301 107.959 -55.782 28.380   
-0.751 -88.290 -55.873 27.713 -22.470 -152.608   
10.01 -25.824 -169.645 -45.111 20.894 -0.758 -90.453  
-45.084 20.738 -1.312 106.054 -55.421 26.728   
-0.760 -90.448 -55.331 27.452 -22.704 -157.741   
10.26 -25.592 -172.089 -44.977 19.840 -0.775 -92.647  
-44.978 19.771 -1.327 104.157 -55.220 28.387   
-0.756 -92.820 -55.216 28.705 -22.856 -159.150   
10.51 -25.440 -174.128 -44.796 18.299 -0.763 -94.929  
-44.828 18.317 -1.338 102.268 -55.052 25.207   
-0.769 -95.009 -54.974 26.463 -22.735 -159.630   
10.76 -25.270 -176.186 -44.723 17.024 -0.793 -97.285  
-44.696 16.911 -1.350 100.367 -54.982 25.683   
-0.753 -97.223 -54.851 25.316 -22.784 -165.973   
11.01 -25.039 -178.703 -44.645 15.244 -0.788 -99.327  
-44.625 14.931 -1.364 98.470 -54.879 24.699   
-0.766 -99.662 -54.747 25.001 -23.048 -166.555   
11.26 -24.869 -179.950 -44.603 14.291 -0.784 -101.732  
-44.581 14.273 -1.375 96.577 -54.341 24.821   
-0.772 -101.737 -54.488 24.878 -22.707 -167.774   
11.51 -24.588 177.803 -44.446 13.608 -0.812 -103.914  
-44.454 13.374 -1.388 94.673 -54.200 24.576   
-0.765 -104.153 -54.262 24.150 -22.698 -173.386   
11.76 -24.486 175.969 -44.310 11.965 -0.790 -106.151  
-44.309 11.829 -1.400 92.767 -53.847 23.932   
-0.792 -106.356 -53.754 23.302 -22.906 -172.775   
12.01 -24.234 174.521 -44.232 10.682 -0.801 -108.532  
-44.216 10.666 -1.412 90.869 -53.505 22.570   
-0.776 -108.554 -53.486 22.468 -22.540 -174.372   
12.26 -24.017 171.872 -44.109 9.732 -0.811 -110.610  
-44.094 9.361 -1.425 88.977 -53.203 21.358   
-0.798 -110.980 -53.088 21.214 -22.610 -179.719   
12.51 -23.827 170.301 -43.939 7.925 -0.796 -112.973  
-43.951 7.947 -1.435 87.076 -52.849 18.275   
-0.800 -113.144 -52.912 17.865 -22.780 178.564   
12.76 -23.614 168.699 -43.868 7.081 -0.805 -115.275  
-43.877 6.992 -1.452 85.158 -52.590 17.280   
-0.800 -115.381 -52.538 17.627 -22.588 178.385   
13.01 -23.439 166.810 -43.587 5.972 -0.808 -117.428  
-43.660 5.818 -1.464 83.264 -52.531 16.291   
-0.817 -117.742 -52.498 15.404 -22.659 173.644   
13.26 -23.190 165.151 -43.390 2.666 -0.815 -119.813  
-43.377 2.669 -1.474 81.372 -52.454 11.882   
-0.803 -119.921 -52.507 12.015 -22.695 171.544   
13.51 -23.046 163.041 -43.474 1.599 -0.827 -121.930  
-43.503 1.813 -1.492 79.468 -51.958 13.921   
-0.826 -122.265 -51.918 13.691 -22.368 170.312   
13.76 -22.791 162.116 -43.393 -0.253 -0.813 -124.237  
-43.444 -0.306 -1.503 77.595 -51.886 10.680   
-0.832 -124.435 -51.962 10.832 -22.352 166.038   
14.01 -22.557 159.968 -43.393 -0.679 -0.836 -126.563  
-43.407 -0.902 -1.515 75.698 -51.527 12.293   
-0.825 -126.789 -51.586 12.135 -22.424 164.740   
14.26 -22.394 158.235 -43.136 -1.746 -0.831 -128.758  
-43.161 -1.849 -1.530 73.815 -50.841 9.126   
-0.843 -128.978 -50.835 9.553 -22.201 162.447   
14.51 -22.130 156.593 -43.001 -3.648 -0.827 -131.145  
-43.043 -3.687 -1.541 71.922 -50.546 7.030   
-0.837 -131.184 -50.538 6.683 -22.158 158.633   
14.76 -21.987 154.677 -42.785 -4.946 -0.842 -133.310  
-42.832 -5.054 -1.553 70.062 -50.038 3.735   
-0.853 -133.523 -50.028 3.393 -22.163 157.206   
15.01 -21.789 153.162 -42.625 -7.393 -0.837 -135.567  
-42.651 -7.499 -1.565 68.158 -49.859 -0.860   
-0.865 -135.741 -49.923 -1.176 -21.932 154.553   
15.26 -21.579 151.303 -42.504 -9.326 -0.852 -137.962  
-42.507 -9.535 -1.575 66.263 -49.669 -3.490   
-0.851 -138.099 -49.693 -3.619 -21.823 151.299   
15.51 -21.437 149.473 -42.452 -11.165 -0.849 -140.063  
-42.487 -11.062 -1.589 64.375 -49.497 -5.364   
-0.884 -140.304 -49.434 -6.279 -21.829 149.597   
15.76 -21.184 147.968 -42.285 -13.329 -0.840 -142.449  
-42.266 -13.245 -1.599 62.478 -49.285 -9.153   
-0.869 -142.538 -49.274 -9.342 -21.618 147.430   
16.01 -20.999 145.951 -42.193 -15.551 -0.868 -144.681  
-42.227 -15.655 -1.612 60.589 -49.132 -11.515   
-0.883 -144.882 -49.143 -11.871 -21.470 144.184   
16.26 -20.823 144.639 -42.051 -17.989 -0.844 -146.898  
-42.070 -17.875 -1.627 58.706 -48.798 -14.585   
-0.887 -147.013 -48.773 -14.930 -21.368 142.108   
16.51 -20.632 142.240 -42.067 -19.956 -0.865 -149.303  
-42.078 -20.064 -1.641 56.843 -48.723 -16.601   
-0.887 -149.356 -48.741 -17.220 -21.167 139.551   
16.76 -20.499 140.581 -41.898 -22.657 -0.866 -151.509  
-41.931 -22.571 -1.647 54.962 -48.221 -20.627   
-0.896 -151.631 -48.194 -20.733 -21.019 137.245   
17.01 -20.318 138.871 -41.958 -24.703 -0.860 -153.821  
-41.990 -24.565 -1.656 53.081 -48.131 -23.818   
-0.896 -153.803 -48.143 -24.086 -20.880 134.499   
17.26 -20.181 136.818 -41.786 -26.750 -0.883 -156.138  
-41.810 -26.732 -1.666 51.187 -47.798 -28.016   
-0.904 -156.213 -47.798 -28.307 -20.659 132.209   
17.51 -20.046 135.283 -41.697 -29.406 -0.869 -158.323  
-41.721 -29.197 -1.679 49.294 -47.540 -32.251   
-0.912 -158.357 -47.543 -32.742 -20.510 130.012   
17.76 -19.829 132.867 -41.655 -32.064 -0.881 -160.773  
-41.666 -31.892 -1.687 47.425 -47.436 -37.256   
-0.906 -160.781 -47.477 -37.730 -20.257 127.105   
18.01 -19.770 130.638 -41.638 -34.824 -0.905 -162.964  
-41.655 -34.709 -1.699 45.495 -47.397 -40.963   
-0.933 -163.060 -47.396 -41.360 -20.202 123.795   
18.26 -19.632 129.436 -41.639 -37.103 -0.878 -165.250  
-41.632 -36.935 -1.713 43.624 -47.159 -44.329   
-0.920 -165.213 -47.200 -44.978 -20.013 122.469   
18.51 -19.520 126.820 -41.616 -39.498 -0.913 -167.676  
-41.619 -39.382 -1.723 41.736 -47.060 -49.308   
-0.933 -167.690 -47.028 -49.142 -19.776 119.243   
18.76 -19.436 125.186 -41.514 -42.246 -0.913 -169.790  
-41.521 -42.071 -1.732 39.887 -46.852 -54.757   
-0.945 -169.839 -46.850 -54.960 -19.754 116.329   
19.01 -19.277 123.094 -41.567 -45.253 -0.901 -172.206  
-41.572 -45.210 -1.742 37.971 -47.004 -59.755   
-0.932 -172.137 -47.006 -59.530 -19.551 116.038   
19.26 -19.286 120.867 -41.618 -47.695 -0.937 -174.419  
-41.633 -47.482 -1.756 36.065 -47.009 -63.197   
-0.964 -174.450 -46.997 -63.251 -19.299 111.839   
19.51 -19.183 119.450 -41.586 -50.632 -0.923 -176.589  
-41.591 -50.331 -1.773 34.179 -46.883 -67.964   
-0.957 -176.612 -46.900 -68.166 -19.324 109.420   
19.76 -19.080 116.484 -41.690 -53.355 -0.936 -179.173  
-41.661 -53.346 -1.784 32.315 -46.843 -73.925   
-0.961 -179.142 -46.892 -73.845 -19.038 108.734   
20.01 -19.096 114.861 -41.858 -55.509 -0.963 178.792  
-41.838 -55.358 -1.796 30.434 -47.214 -78.994   
-0.984 178.781 -47.271 -79.374 -18.746 105.530   
20.26 -18.967 112.527 -41.839 -57.362 -0.947 176.317  
-41.834 -57.594 -1.808 28.517 -47.542 -83.178   
-0.973 176.339 -47.560 -83.084 -18.733 102.935   
20.51 -19.056 110.231 -41.887 -60.697 -0.978 173.900  
-41.881 -60.758 -1.827 26.602 -47.592 -87.109   
-1.004 173.966 -47.627 -86.815 -18.558 101.735   
20.76 -18.964 109.103 -41.975 -63.108 -0.977 171.878  
-42.005 -62.629 -1.842 24.746 -48.064 -90.189   
-0.999 171.925 -48.036 -90.259 -18.264 99.162   
21.01 -18.938 106.395 -42.016 -64.046 -0.982 169.497  
-42.030 -64.059 -1.854 22.866 -48.077 -88.890   
-1.013 169.520 -48.110 -88.818 -18.375 95.221   
21.26 -18.977 104.741 -41.987 -65.680 -1.013 167.330  
-42.054 -65.722 -1.862 21.012 -47.762 -91.017   
-1.034 167.371 -47.768 -91.111 -18.358 94.516   
21.51 -18.899 102.550 -42.051 -68.561 -0.994 165.043  
-42.039 -68.481 -1.870 19.089 -47.376 -96.405   
-1.022 165.032 -47.348 -96.547 -17.883 91.730   
21.76 -18.968 100.325 -41.869 -70.162 -1.021 162.764  
-41.861 -70.032 -1.881 17.160 -47.172 -101.213   
-1.045 162.757 -47.157 -101.337 -18.011 88.012   
22.01 -19.001 98.425 -41.760 -73.212 -1.025 160.687  
-41.771 -73.042 -1.895 15.217 -47.119 -107.127   
-1.039 160.611 -47.158 -107.065 -18.026 87.580   
22.26 -18.959 95.787 -41.686 -76.862 -1.010 158.166  
-41.683 -76.959 -1.911 13.295 -47.263 -113.967   
-1.051 158.124 -47.335 -114.156 -17.577 85.254   
22.51 -19.115 93.803 -41.907 -79.911 -1.048 155.973  
-41.967 -79.917 -1.922 11.371 -47.780 -117.404   
-1.072 155.971 -47.745 -117.060 -17.785 82.418   
22.76 -19.073 92.103 -41.851 -82.463 -1.013 153.828  
-41.859 -82.456 -1.942 9.431 -47.541 -119.040   
-1.041 153.681 -47.567 -119.226 -17.648 82.584   
23.01 -19.179 88.455 -42.070 -85.859 -1.029 151.111  
-42.097 -86.000 -1.956 7.507 -47.556 -124.700   
-1.090 151.192 -47.573 -124.877 -17.252 80.148   
23.26 -19.314 86.613 -42.223 -86.529 -1.051 149.084  
-42.252 -86.487 -1.972 5.539 -47.685 -127.425   
-1.080 149.006 -47.779 -127.455 -17.435 77.072   
23.51 -19.341 84.321 -41.797 -89.061 -1.024 146.680  
-41.787 -89.017 -1.989 3.596 -47.674 -130.038   
-1.091 146.551 -47.730 -129.993 -17.226 76.430   
23.76 -19.581 81.718 -42.009 -94.315 -1.063 144.223  
-42.054 -94.334 -2.009 1.626 -47.448 -133.541   
-1.135 144.330 -47.509 -133.850 -16.980 75.248   
24.01 -19.662 79.942 -42.238 -95.935 -1.087 142.168  
-42.243 -96.156 -2.033 -0.302 -47.424 -136.566   
-1.128 142.169 -47.542 -136.650 -16.964 70.305   
24.26 -19.893 77.178 -42.381 -97.894 -1.091 139.801  
-42.409 -98.232 -2.046 -2.225 -47.190 -141.169   
-1.147 139.958 -47.211 -141.054 -17.022 69.567   
24.51 -20.149 75.265 -42.607 -99.423 -1.126 137.467  
-42.609 -99.599 -2.062 -4.194 -46.683 -146.266   
-1.163 137.783 -46.644 -145.953 -16.635 68.777   
24.76 -20.290 73.171 -42.554 -98.345 -1.126 135.288  
-42.573 -98.348 -2.083 -6.168 -46.784 -152.196   
-1.164 135.514 -46.781 -151.940 -16.653 64.601   
25.01 -20.574 70.965 -41.826 -100.402 -1.135 132.827  
-41.928 -100.492 -2.099 -8.126 -46.832 -156.093   
-1.196 133.370 -46.831 -156.006 -16.699 65.042   
25.26 -20.674 68.356 -41.811 -104.156 -1.146 130.673  
-41.846 -103.994 -2.119 -10.090 -47.108 -161.947   
-1.186 131.077 -47.084 -161.604 -16.564 63.529   
25.51 -20.864 65.928 -41.381 -108.847 -1.159 128.530  
-41.405 -108.678 -2.134 -12.041 -47.294 -159.822   
-1.182 128.860 -47.291 -159.824 -16.805 58.802   
25.76 -21.140 63.048 -41.812 -113.143 -1.143 126.291  
-41.871 -113.344 -2.151 -14.004 -46.524 -163.672   
-1.187 126.577 -46.558 -163.453 -16.886 60.167   
26.01 -21.310 60.828 -41.870 -113.492 -1.150 124.078  
-41.904 -113.284 -2.155 -15.932 -45.954 -171.035   
-1.185 124.252 -45.989 -170.730 -16.689 58.947   
26.26 -21.526 57.959 -41.283 -115.876 -1.149 121.773  
-41.305 -115.797 -2.157 -17.978 -46.449 -179.551   
-1.188 122.046 -46.491 -179.214 -16.795 54.443   
26.51 -21.829 54.680 -41.155 -123.651 -1.149 119.574  
-41.166 -123.986 -2.166 -20.062 -47.020 -179.238   
-1.180 119.717 -47.006 -179.175 -16.763 55.178   
26.76 -22.132 52.256 -41.819 -127.453 -1.137 117.273  
-41.867 -127.626 -2.183 -22.154 -46.337 179.185   
-1.189 117.363 -46.269 179.350 -16.563 54.260   
27.01 -22.601 48.979 -42.454 -128.806 -1.165 114.723  
-42.441 -127.867 -2.202 -24.262 -45.679 172.657   
-1.211 115.323 -45.618 173.116 -16.636 50.002   
27.26 -22.862 45.456 -42.247 -124.793 -1.164 112.535  
-42.234 -124.113 -2.228 -26.284 -45.338 166.086   
-1.210 112.898 -45.264 166.602 -16.455 50.935   
27.51 -23.392 40.812 -41.421 -129.964 -1.126 110.088  
-41.479 -129.518 -2.243 -28.343 -46.729 156.937   
-1.247 110.612 -46.841 157.536 -16.358 50.645   
27.76 -23.982 37.295 -42.205 -132.884 -1.167 107.681  
-42.305 -132.760 -2.248 -30.328 -46.188 170.525   
-1.241 108.544 -46.270 170.617 -16.463 45.978   
28.01 -24.476 33.851 -41.299 -131.190 -1.169 105.452  
-41.439 -131.708 -2.248 -32.498 -44.649 157.737   
-1.247 106.131 -44.907 157.637 -16.468 45.488   
28.26 -24.927 30.560 -41.219 -136.248 -1.169 103.259  
-41.182 -136.161 -2.258 -34.676 -45.437 154.159   
-1.237 103.835 -45.496 153.795 -16.796 45.120   
28.51 -25.458 29.085 -41.060 -138.956 -1.225 100.918  
-41.110 -138.442 -2.274 -36.841 -44.881 147.848   
-1.219 101.735 -45.155 148.713 -16.805 39.692   
28.76 -25.749 23.832 -40.738 -143.253 -1.210 98.672  
-40.736 -142.414 -2.283 -39.058 -45.380 140.750   
-1.223 99.310 -45.526 142.042 -16.916 38.830   
29.01 -26.210 19.178 -40.765 -148.233 -1.221 96.255  
-40.782 -147.249 -2.305 -41.254 -45.920 138.692   
-1.211 97.124 -45.747 137.848 -16.794 38.209   
29.26 -26.702 13.023 -40.845 -149.882 -1.277 94.101  
-40.842 -150.291 -2.321 -43.376 -45.721 138.043   
-1.186 94.760 -45.757 137.953 -16.718 33.428   
29.51 -27.596 6.307 -40.884 -153.797 -1.243 91.670  
-40.766 -152.595 -2.334 -45.612 -44.930 131.743   
-1.221 92.482 -44.941 133.187 -16.735 34.716   
29.76 -28.320 0.283 -41.125 -154.960 -1.247 89.449  
-41.139 -155.363 -2.349 -47.797 -45.355 129.234   
-1.218 90.203 -45.398 129.453 -17.126 36.800   
30.01 -28.998 -6.782 -41.046 -155.120 -1.256 87.047  
-40.979 -154.454 -2.365 -50.053 -45.085 124.091   
-1.208 88.015 -45.108 123.214 -16.898 32.438   
30.26 -29.474 -15.182 -40.860 -157.337 -1.243 84.784  
-40.871 -157.139 -2.384 -52.231 -45.956 119.792   
-1.205 85.593 -45.652 118.429 -17.349 32.213   
30.51 -29.843 -22.430 -40.676 -155.391 -1.267 82.679  
-40.761 -155.684 -2.400 -54.441 -46.306 116.903   
-1.185 83.097 -46.262 115.897 -17.805 33.892   
30.76 -30.323 -31.462 -40.023 -159.222 -1.285 80.203  
-39.879 -158.550 -2.411 -56.579 -46.781 112.199   
-1.183 80.786 -46.594 111.866 -17.687 28.148   
31.01 -30.549 -41.306 -39.649 -163.518 -1.299 77.821  
-39.560 -162.925 -2.404 -58.765 -47.077 121.796   
-1.181 78.395 -47.335 122.869 -17.837 26.855   
31.26 -30.345 -52.372 -39.722 -165.710 -1.303 75.802  
-39.730 -166.227 -2.406 -61.066 -45.201 119.906   
-1.205 75.930 -45.247 118.174 -18.236 26.140   
31.51 -30.381 -62.366 -39.392 -167.102 -1.292 73.482  
-39.465 -168.073 -2.424 -63.403 -45.519 109.105   
-1.215 73.592 -45.528 108.273 -18.215 25.253   
31.76 -30.190 -70.555 -39.048 -172.260 -1.287 71.185  
-38.922 -172.329 -2.430 -65.634 -46.976 102.930   
-1.211 71.330 -46.787 103.158 -18.368 28.817   
32.01 -29.709 -78.681 -39.086 -176.278 -1.269 68.905  
-38.976 -176.159 -2.435 -67.863 -47.757 116.505   
-1.206 68.876 -47.685 117.375 -18.470 28.600   
32.26 -29.246 -86.780 -39.251 -177.711 -1.276 66.322  
-39.187 -177.920 -2.434 -70.157 -46.210 122.100   
-1.213 66.431 -46.279 121.052 -18.474 29.113   
32.51 -28.546 -94.529 -38.983 179.639 -1.264 63.968  
-38.917 179.525 -2.435 -72.521 -45.087 116.940   
-1.244 64.184 -45.028 116.713 -18.001 30.117   
32.76 -28.061 -100.968 -38.990 177.680 -1.290 61.692  
-38.947 177.240 -2.449 -74.827 -44.624 112.659   
-1.257 61.756 -44.700 112.626 -18.259 30.063   
33.01 -27.557 -107.187 -39.017 175.601 -1.286 59.309  
-39.166 175.499 -2.455 -77.156 -44.161 106.541   
-1.259 59.499 -44.079 107.088 -18.120 28.905   
33.26 -27.064 -113.786 -38.655 176.430 -1.279 56.868  
-38.598 176.307 -2.471 -79.432 -44.429 101.319   
-1.243 57.224 -44.480 100.326 -17.825 26.197   
33.51 -26.690 -117.258 -38.253 174.256 -1.298 54.442  
-38.052 174.923 -2.480 -81.701 -44.511 99.190   
-1.238 54.754 -44.488 100.036 -17.998 22.482   
33.76 -26.086 -121.988 -37.742 171.491 -1.305 51.990  
-37.543 171.348 -2.486 -83.925 -44.489 95.577   
-1.238 52.420 -44.498 96.151 -18.218 21.211   
34.01 -25.602 -125.462 -37.257 168.492 -1.322 49.630  
-37.184 168.236 -2.477 -86.153 -44.299 93.204   
-1.238 50.017 -44.395 93.948 -18.250 19.991   
34.26 -25.202 -129.315 -36.882 162.915 -1.349 47.146  
-36.864 162.600 -2.459 -88.452 -44.763 85.140   
-1.235 47.490 -44.818 87.034 -18.618 18.533   
34.51 -24.815 -131.609 -36.878 159.608 -1.380 45.044  
-36.840 158.771 -2.438 -90.784 -45.749 88.683   
-1.264 45.046 -45.608 88.351 -18.642 21.283   
34.76 -24.425 -133.866 -36.753 155.667 -1.383 42.774  
-36.705 155.509 -2.441 -93.127 -46.148 91.199   
-1.275 42.597 -45.686 91.524 -18.552 21.181   
35.01 -24.119 -136.759 -36.668 153.099 -1.377 40.353  
-36.601 152.540 -2.436 -95.371 -45.235 92.732   
-1.276 40.199 -45.334 92.351 -18.543 18.382   
35.26 -23.683 -137.003 -36.600 149.281 -1.408 38.127  
-36.601 147.895 -2.406 -97.678 -46.114 98.996   
-1.311 37.624 -46.103 99.748 -18.922 19.867   
35.51 -23.016 -138.743 -36.603 147.816 -1.414 35.887  
-36.664 147.199 -2.391 -100.023 -43.955 99.193   
-1.354 35.246 -43.755 100.372 -18.544 19.278   
35.76 -22.724 -142.290 -36.246 143.525 -1.391 33.509  
-36.256 143.421 -2.378 -102.369 -44.247 93.402   
-1.360 33.088 -44.202 93.482 -18.269 16.695   
36.01 -22.303 -144.283 -36.506 138.864 -1.398 31.260  
-36.574 139.108 -2.367 -104.648 -43.704 101.895   
-1.387 30.655 -43.695 99.642 -18.655 18.859   
36.26 -22.018 -147.060 -36.711 138.440 -1.382 28.775  
-36.807 138.293 -2.355 -107.087 -42.501 98.965   
-1.394 28.402 -42.338 98.143 -17.916 17.746   
36.51 -21.863 -149.164 -36.522 137.308 -1.376 26.282  
-36.556 137.104 -2.353 -109.396 -41.806 95.545   
-1.385 26.073 -41.971 95.220 -17.508 14.994   
36.76 -21.623 -151.260 -36.477 134.873 -1.382 23.908  
-36.458 134.677 -2.349 -111.658 -41.382 89.720   
-1.398 23.713 -41.193 90.479 -17.510 15.777   
37.01 -21.445 -153.253 -36.278 133.760 -1.374 21.357  
-36.311 133.648 -2.345 -113.968 -41.135 86.836   
-1.384 21.303 -41.260 86.681 -17.100 12.083   
37.26 -21.253 -154.804 -36.089 131.587 -1.390 18.854  
-36.061 131.371 -2.337 -116.212 -41.246 85.087   
-1.394 18.812 -41.181 84.402 -17.235 7.699   
37.51 -21.015 -156.139 -35.812 129.398 -1.415 16.456  
-35.757 128.230 -2.334 -118.439 -40.651 82.216   
-1.422 16.390 -40.618 82.454 -17.248 6.064   
37.76 -20.778 -157.389 -35.745 126.645 -1.432 14.036  
-35.780 126.168 -2.329 -120.665 -40.555 77.796   
-1.434 13.996 -40.447 78.029 -17.240 3.438   
38.01 -20.665 -159.156 -35.608 124.662 -1.447 11.638  
-35.503 124.373 -2.313 -122.778 -40.182 74.602   
-1.446 11.566 -40.180 75.052 -17.076 -1.294   
38.26 -20.584 -159.764 -35.405 121.128 -1.467 9.197  
-35.497 121.391 -2.301 -125.106 -40.161 71.399   
-1.469 9.153 -40.187 71.156 -17.165 -3.574   
38.51 -20.367 -160.164 -35.263 118.753 -1.481 6.870  
-35.322 119.670 -2.293 -127.203 -40.214 69.551   
-1.479 6.864 -40.082 68.767 -16.948 -5.299   
38.76 -20.141 -161.015 -35.040 116.226 -1.490 4.481  
-35.083 115.845 -2.280 -129.383 -39.936 68.725   
-1.487 4.458 -39.841 68.502 -16.681 -8.401   
39.01 -19.938 -161.338 -34.917 111.667 -1.508 2.034  
-34.981 111.791 -2.258 -131.446 -39.517 65.033   
-1.508 2.075 -39.703 64.800 -16.886 -9.690   
39.26 -19.758 -162.845 -35.023 109.374 -1.513 -0.313  
-35.138 109.796 -2.231 -133.619 -39.638 63.390   
-1.506 -0.244 -39.643 61.353 -16.825 -12.078   
39.51 -19.642 -163.240 -35.040 106.577 -1.496 -2.685  
-35.059 106.308 -2.211 -135.824 -39.438 59.627   
-1.499 -2.642 -39.475 59.312 -16.760 -15.031   
39.76 -19.453 -164.005 -35.155 103.511 -1.513 -5.085  
-35.215 104.149 -2.199 -138.022 -39.580 54.453   
-1.507 -4.990 -39.539 55.002 -16.833 -16.427   
40.01 -19.320 -164.245 -35.229 102.535 -1.491 -7.461  
-35.227 102.593 -2.201 -140.094 -40.106 53.769   
-1.480 -7.402 -40.169 51.872 -16.404 -20.651   
40.26 -19.159 -163.999 -35.207 100.830 -1.468 -10.110  
-35.162 101.389 -2.181 -142.216 -39.944 56.792   
-1.456 -10.121 -39.924 55.152 -15.813 -26.366   
40.51 -18.850 -164.490 -35.106 99.302 -1.499 -12.736  
-35.101 99.978 -2.165 -144.350 -39.585 56.796   
-1.481 -12.719 -39.523 57.187 -15.771 -30.528   
40.76 -18.672 -165.022 -34.902 97.897 -1.523 -15.217  
-34.903 98.370 -2.150 -146.383 -39.544 55.346   
-1.504 -15.224 -39.500 55.003 -15.689 -35.839   
41.01 -18.455 -165.248 -34.714 94.509 -1.540 -17.617  
-34.665 94.494 -2.135 -148.548 -38.592 56.820   
-1.511 -17.688 -38.755 56.377 -15.264 -38.560   
41.26 -18.103 -164.943 -34.827 91.484 -1.565 -20.195  
-34.825 92.699 -2.137 -150.732 -38.270 53.644   
-1.534 -20.165 -38.108 52.846 -15.329 -41.764   
41.51 -17.794 -166.023 -34.888 89.672 -1.576 -22.716  
-34.933 89.974 -2.147 -152.797 -37.641 49.659   
-1.551 -22.672 -37.645 49.237 -15.169 -46.668   
41.76 -17.593 -166.877 -35.077 88.128 -1.582 -25.192  
-34.939 88.335 -2.170 -154.740 -37.335 45.207   
-1.555 -25.281 -37.385 44.732 -14.834 -49.997   
42.01 -17.368 -167.459 -34.835 86.725 -1.605 -27.680  
-34.773 86.858 -2.183 -156.594 -37.744 41.533   
-1.583 -27.739 -37.736 41.407 -14.912 -54.528   
42.26 -17.198 -167.774 -34.810 84.577 -1.622 -30.016  
-34.660 84.385 -2.178 -158.418 -37.567 42.372   
-1.591 -30.160 -37.586 40.867 -14.827 -58.989   
42.51 -16.905 -167.454 -34.814 82.774 -1.605 -32.470  
-34.693 83.243 -2.158 -160.292 -37.198 40.475   
-1.582 -32.703 -37.238 39.501 -14.519 -62.314   
42.76 -16.478 -168.256 -34.900 80.718 -1.625 -35.110  
-34.769 81.564 -2.153 -162.313 -36.821 36.842   
-1.601 -35.269 -36.838 36.673 -14.276 -67.034   
43.01 -16.257 -168.959 -34.824 81.133 -1.624 -37.618  
-34.797 81.529 -2.171 -164.159 -36.409 32.598   
-1.601 -37.918 -36.590 32.109 -13.977 -71.987   
43.26 -15.907 -169.924 -34.420 78.592 -1.640 -40.278  
-34.285 78.813 -2.165 -165.914 -36.464 28.122   
-1.625 -40.601 -36.423 27.822 -13.700 -75.789   
43.51 -15.646 -171.156 -34.362 77.996 -1.674 -42.884  
-34.257 77.644 -2.159 -167.587 -36.579 26.987   
-1.649 -43.118 -36.609 26.687 -13.427 -80.658   
43.76 -15.349 -171.592 -34.007 74.222 -1.689 -45.511  
-33.977 74.208 -2.133 -169.506 -36.075 26.474   
-1.686 -45.829 -35.954 26.495 -13.319 -85.786   
44.01 -15.023 -172.854 -33.798 71.273 -1.723 -48.045  
-33.785 70.748 -2.133 -171.405 -35.650 20.272   
-1.720 -48.258 -35.520 20.008 -13.266 -89.084   
44.26 -14.765 -173.467 -33.946 66.453 -1.728 -50.593  
-33.962 67.099 -2.126 -173.306 -35.911 14.142   
-1.724 -50.909 -36.043 13.273 -13.027 -93.741   
44.51 -14.357 -174.611 -34.053 65.010 -1.749 -53.282  
-34.018 64.330 -2.140 -175.081 -36.199 12.239   
-1.766 -53.549 -36.427 12.719 -12.999 -98.273   
44.76 -14.044 -176.238 -34.134 64.489 -1.780 -55.895  
-34.150 64.183 -2.127 -176.841 -36.361 10.367   
-1.783 -56.169 -36.497 10.429 -12.838 -101.673   
45.01 -13.742 -177.723 -33.919 62.350 -1.817 -58.532  
-33.890 62.562 -2.139 -178.804 -36.217 8.706   
-1.842 -58.946 -36.242 9.160 -12.603 -106.400   
45.26 -13.441 -179.436 -33.762 58.086 -1.866 -61.165  
-33.672 58.404 -2.152 179.394 -36.404 5.234   
-1.904 -61.412 -36.435 5.112 -12.546 -111.139   
45.51 -13.177 178.999 -33.827 55.317 -1.926 -63.595  
-33.895 55.488 -2.189 177.695 -36.354 3.957   
-1.957 -63.890 -36.369 3.778 -12.410 -114.644   
45.76 -12.892 177.225 -33.791 52.017 -1.943 -66.122  
-33.907 52.001 -2.206 175.990 -36.116 -0.188   
-2.006 -66.284 -36.291 0.059 -12.277 -119.045   
46.01 -12.654 175.064 -34.203 46.885 -1.985 -68.618  
-34.253 47.489 -2.214 174.384 -36.508 -3.441   
-2.030 -68.657 -36.521 -3.149 -12.215 -122.536   
46.26 -12.485 173.089 -34.754 44.496 -2.009 -71.064  
-34.753 44.698 -2.231 172.868 -36.835 -5.207   
-2.046 -71.211 -36.966 -5.036 -12.058 -126.129   
46.51 -12.335 171.141 -35.342 45.123 -2.031 -73.711  
-35.274 44.884 -2.250 171.309 -37.078 -4.370   
-2.084 -73.637 -37.067 -4.097 -11.897 -130.097   
46.76 -12.180 169.334 -35.622 47.233 -2.067 -76.245  
-35.659 47.726 -2.242 169.885 -37.123 -3.939   
-2.100 -76.129 -37.238 -4.003 -11.811 -134.353   
47.01 -12.007 168.036 -35.349 47.819 -2.093 -78.824  
-35.331 47.453 -2.213 168.327 -36.919 -2.249   
-2.135 -78.699 -36.872 -3.137 -11.786 -138.256   
47.26 -11.867 166.311 -35.210 46.439 -2.139 -81.527  
-35.107 45.335 -2.176 166.742 -36.311 -3.396   
-2.162 -81.153 -36.250 -3.487 -11.668 -141.947   
47.51 -11.643 164.632 -35.140 46.509 -2.177 -84.022  
-35.175 46.363 -2.135 164.787 -35.577 -6.931   
-2.184 -83.814 -35.578 -6.512 -11.633 -145.865   
47.76 -11.468 163.093 -35.067 44.479 -2.220 -86.570  
-35.017 43.787 -2.147 162.749 -35.505 -13.347   
-2.235 -86.289 -35.538 -13.625 -11.558 -149.387   
48.01 -11.319 161.398 -35.228 44.965 -2.268 -88.959  
-35.306 45.940 -2.182 160.864 -35.568 -17.393   
-2.247 -88.756 -35.483 -16.574 -11.486 -153.244   
48.26 -11.186 160.021 -34.620 45.634 -2.254 -91.546  
-34.575 45.234 -2.215 159.067 -35.942 -19.591   
-2.256 -91.382 -35.963 -19.627 -11.497 -156.786   
48.51 -10.964 158.914 -33.904 41.033 -2.310 -94.267  
-33.969 40.935 -2.277 157.444 -36.137 -23.678   
-2.294 -94.095 -36.177 -23.408 -11.428 -160.423   
48.76 -10.743 157.321 -34.070 35.392 -2.369 -96.809  
-33.970 35.160 -2.314 156.085 -36.321 -25.804   
-2.346 -96.825 -36.236 -25.786 -11.450 -163.592   
49.01 -10.501 155.441 -34.675 32.280 -2.416 -99.390  
-34.671 31.901 -2.303 154.569 -36.541 -25.254   
-2.409 -99.259 -36.567 -25.920 -11.346 -167.125   
49.26 -10.274 153.757 -35.079 33.098 -2.487 -101.746  
-34.957 33.476 -2.307 152.884 -36.793 -24.291   
-2.455 -101.655 -36.757 -23.825 -11.238 -171.204   
49.51 -10.054 151.080 -34.485 34.287 -2.491 -104.166  
-34.470 33.400 -2.307 151.074 -36.096 -21.317   
-2.470 -104.065 -35.998 -21.947 -11.272 -175.741   
49.76 -9.986 148.886 -34.048 28.894 -2.526 -106.798  
-34.026 28.562 -2.356 149.215 -35.255 -27.409   
-2.484 -106.601 -35.251 -27.236 -11.370 -179.725   
50.01 -9.916 146.712 -34.400 23.822 -2.556 -109.342  
-34.443 23.545 -2.411 147.523 -35.114 -30.731   
-2.509 -109.260 -35.098 -30.743 -11.493 176.641   
